  72  1
 411  1
 228  1
 126  1
 118  1
  10  1
  82  1
 110  1
 314  1
 100  0
  42  1
   8  1
 144  1
  25  0
  11  1
  30  1
 384  1
   4  1
  54  1
  13  1
 123  0
  97  0
 153  1
  59  1
 117  1
  16  1
 151  1
  22  1
  56  1
  21  1
  18  1
 139  1
  20  1
  31  1
  52  1
 287  1
  18  1
  51  1
 122  1
  27  1
  54  1
   7  1
  63  1
 392  1
  10  1
   8  1
  92  1
  35  1
 117  1
 132  1
  12  1
 162  1
   3  1
  95  1
 177  1
 162  1
 216  1
 553  1
 278  1
  12  1
 260  1
 200  1
 156  1
 182  0
 143  1
 105  1
 103  1
 250  1
 100  1
 999  1
 112  1
  87  0
 231  0
 242  1
 991  1
 111  1
   1  1
 587  1
 389  1
  33  1
  25  1
 357  1
 467  1
 201  1
   1  1
  30  1
  44  1
 283  1
  15  1
  25  1
 103  0
  21  1
  13  1
  87  1
   2  1
  20  1
   7  1
  24  1
  99  1
   8  1
  99  1
  61  1
  25  1
  95  1
  80  1
  51  1
  29  1
  24  1
  18  1
  83  0
  31  1
  51  1
  90  1
  52  1
  73  1
   8  1
  36  1
  48  1
   7  1
 140  1
 186  1
  84  1
  19  1
  45  1
  80  1
  52  1
 164  1
  19  1
  53  1
  15  1
  43  1
 340  1
 133  1
 111  1
 231  1
 378  1
  49  1
